263808
263836
263844
263948
264304
264156
264352
264416
264528
264620
264868
264680
264532
264620
264852
265204
265280
265380
265720
265816
266264
266040
266432
266488
266704
267052
267112
266524
266360
266692
266684
266652
266556
266792
266756
266644
266708
266692
266724
266608
266700
266320
266404
266328
266396
266524
266616
266888
266164
266304
266472
266400
266484
266532
266568
266568
266700
266684
266500
266596
266404
266612
266788
266920
266920
266700
266856
266844
267140
266476
266568
266656
266652
266472
266836
266768
266812
266648
266684
266332
266340
266444
266280
266464
266564
266632
266500
266540
266420
266720
266084
266460
266384
266492
266420
266332
266736
266488
266820
266728
266604
266672
266772
266820
266832
266752
266740
266768
266944
266796
266980
266600
266156
266280
266488
266560
