276788
269896
269944
269876
269812
270028
269972
270180
269956
274108
274784
274904
275092
274892
275120
274992
272320
272580
272472
272252
272304
272332
272188
272512
272200
273176
276000
275744
276172
275620
276156
276076
276328
275896
276080
272956
273204
273052
272904
272836
273096
272700
272736
272768
274252
275004
274932
274848
274900
275184
274760
274700
274416
274788
274988
274932
274556
274720
274624
274920
274936
274628
275248
276292
276588
275996
275876
275928
275940
275972
275824
275748
