381704
380748
380484
380688
381644
380700
381328
381316
382148
383516
382532
382300
383192
382812
381988
384016
383916
383224
383860
383512
384004
384256
385004
384372
384488
384944
384380
384824
384656
384628
385236
384772
384104
384992
384924
384456
386552
385356
384432
385268
384504
385260
384948
384628
385580
385480
384980
385440
385920
385748
385172
386416
385536
385256
386120
385876
385228
385268
385172
386084
385336
384584
384644
385728
384968
384920
385056
385368
385468
384524
385024
385604
386120
385184
385004
384240
385120
385036
384116
384220
385068
384464
384332
385336
384988
385176
383976
383800
383768
385164
384844
384076
384076
384248
384172
383824
384596
385180
384048
383312
383156
383040
383104
384228
382652
383884
383152
383044
384548
383556
384296
383284
385680
382796
384720
383280
383692
