296744
296620
297992
297832
296084
298108
297728
297720
297212
298268
298140
297448
298460
297632
298336
298676
297500
296748
298632
297528
297880
298732
298672
296360
296364
298688
297684
290168
288380
290100
290840
290236
296440
295612
295524
296280
296224
292368
292660
291880
291968
291824
297232
297456
297672
295560
297804
289952
289172
290556
290740
288444
290168
295504
294188
294444
296220
296644
294544
294240
294212
294568
288368
288616
288136
290728
288824
288272
288336
290148
289240
289708
