381104
384708
384220
385328
385616
385668
386152
386496
386976
387912
388524
390360
389340
389340
389664
390336
390544
390952
390536
389976
390348
390680
391336
391488
392432
392400
392776
391016
391380
392088
391480
391976
392308
392332
391732
392344
392144
391804
392764
391836
391936
391312
391568
391912
392264
391428
392712
392696
392920
392348
387076
386764
386388
385244
385360
385884
385664
386088
385592
386296
385988
386472
385976
386072
385868
387160
386280
384940
384708
385748
385264
384940
385220
384840
383772
384432
384804
383528
383744
384336
383888
383656
383944
383816
384900
384492
384968
384704
384556
383356
383624
384088
383476
384084
383944
384152
383976
384444
384036
384116
383780
384500
384012
384096
384576
384296
384360
384240
384188
384112
381620
382020
380828
381880
380760
381436
381924
381468
381176
