263772
264400
265032
265760
266328
266312
266376
266516
266232
266268
266296
266620
266372
266400
266580
266312
266548
266468
266472
266712
266344
266476
266376
266680
266692
266704
266416
266704
266760
266752
266916
266800
267604
267816
268440
268948
269544
269980
270596
270596
270832
270532
270592
270532
270344
270288
270304
270244
270440
270460
270376
270364
270380
270136
270248
270168
270196
270416
270432
270516
270300
269944
270116
270396
270612
270636
271012
270748
270624
270780
270920
270680
270304
270632
270480
270736
270652
270692
271064
271252
271128
271564
271816
271944
272868
272952
273092
273364
273452
273340
273220
273348
273060
273204
272848
273232
273132
273268
273160
273152
273008
273060
272860
272748
272876
273012
272672
272920
272816
272724
272864
272492
272888
272908
273064
272988
272860
