364236
364988
363124
363532
363716
363296
363116
363548
364048
363528
363396
363156
364100
363688
363368
363416
363172
363596
362764
363028
363172
363536
363708
362708
363488
363724
363928
363344
363008
363056
363268
362664
363448
363164
363872
363052
363440
364384
362952
362572
362788
362952
363392
363016
362648
362708
363228
362904
362628
363076
363432
362480
363216
363780
363444
363196
363716
363940
363936
363168
363440
363428
363100
363272
363408
363612
363244
363520
364448
363668
364160
364824
363772
364020
364200
364612
363036
363156
363416
363096
363008
363820
364468
363864
363520
363420
363424
